AAI	-3.6871	128.1943	157.2		
AAII	-3.6871	128.194	160		
ABJI	-7.7957	114.2342	144.36		
ALKI	-8.1445	124.5903	720		
APSI	-0.9108	121.6487	143.5		
ATNI	-9.0835	124.8644	404.62		
BAKI	-1.19145	136.10702	89		
BASI	-10.2189	120.5777	80.84		
BATI	-10.2065	123.6633	356.11		
BBKI	-3.4625	114.8411	109.88		
BBSI	-5.4879	122.5706	95		
BJI	-7.3329	109.7096	629		
BKSI	-5.3219	120.1224	606		
BLJI	-7.745	113.595	80.85		
BLSI	-5.3676	105.2452	146.79		
BMNI	-8.54	118.6926	62.95		
BNSI	-4.4006	120.1065	261		
BSI	5.4964	95.2961	192		
BSSI	-6.1428	120.4904	114.3		
BWJI	-5.8511	112.6578	57.56		
BYJI	-8.214	114.3557	99.5		
CBJI	-6.6981	106.9349	1006.39		
CGJI	-6.6134	105.69	182		
CLJI	-7.7187	109.015	45.73		
CMJI	-7.784	108.449	78		
CNJI	-7.309	107.1296	589		
CTJI	-7.00754	109.18356	104		
DBJI	-6.5538	106.7497	210.84		
DBNI	-8.50188	118.31213	185		
DNP	-8.6774	115.2097	63.88		
DSRI	-0.4793	104.5778	58.43		
EDFI	-8.7497	121.6903	914.34		
EGSI	-5.3526	102.2767	35.73		
GLMI	1.8381	127.7879	130.21		
GMJI	-8.2732	113.4441	80.13		
GRJI	-6.9145	112.4793	97.14		
GTOI	0.76	122.87	301		
IGBI	-8.8181	115.1456	248		
JAY	-2.5145	140.7043	461.46		
JCJI	-6.7344	108.2631	85.57		
JMBI	-1.6335	103.6417	50		
KASI	-5.5236	104.4967	50		
KBKI	-3.2995	116.1668	65		
KCSI	3.522	97.7715	204.749		
KDI	-3.95743	122.61926	55		
KHK	-8.36404	115.60964	220		
KKSI	-4.1718	121.6513	89.03		
KLI	-4.8363	104.87052	64		
KLNI	-8.42188	116.09492	99		
KLSI	-4.6871	104.732	88		
KMMI	-7.0412	113.9157	49.14		
KMPI	-3.6616	133.7044	90.04		
KMSI	0.5745	123.98	218		
KPJI	-7.3333	108.931	111		
KRAI	-3.3184	128.3947	124.54		
KRJI	-2.0912	101.4619	810.88		
KRK	-8.1521	112.4506	330.26		
KSI	-3.6517	102.5929	539		
LASI	4.4572	97.9704	4.34		
LBFI	-8.4835	119.8921	123		
LBMI	-0.6379	127.5008	113.91		
LEM	-6.82325	107.6143	1200		
LHSI	-3.8267	103.5233	183.68		
LRTI	-8.2752	123	53		
LWLI	-5.0175	104.0589	938.05		
MASI	-3.1415	102.2396	384.5		
MBSI	-3.7611	102.2714	28.05		
MDSI	-4.4861	104.1783	111		
MGAI	4.0079	126.67	91		
MJSI	-3.5008	118.9149	306.8		
MKBI	-2.4474	101.2396	48.21		
MKS	-5.2178	119.4696	80.32		
MLSI	4.2668	96.404	96.94		
MMPI	-8.5181	140.4141	98.57		
MMSI	-2.6892	118.909	221		
MNI	1.44397	124.83998	191		
MNSI	0.7955	99.58	294.4		
MPSI	0.3374	119.898	174		
MRSI	0.4771	121.9406	99		
MSAI	-3.3461	128.9285	82.13		
MSSI	-2.5547	120.3241	116		
MTKI	-0.9418	114.8959	100.11		
MTNI	-8.636	116.1707	108.3		
MWPI	-0.93	134.0431	70		
NBBI	-8.4597	114.942	300.74		
NBPI	-3.3656	135.4972	98.81		
NGJI	-7.3676	111.4612	149		
NLAI	-3.239	127.0998	101.92		
OBMI	-1.3413	127.6444	110.89		
PBKI	-2.7047	111.6697	74.44		
PBSI	-0.0547	98.28	47		
PCI	-0.9054	119.8366	150		
PCJI	-8.1947	111.1771	702.27		
PDSI	-0.9118	100.4617	275.6		
PKKI	-2.2411	113.9722	65		
PLKI	-2.2262	113.9453	69.73		
PMSI	-3.5008	118.9149	306.8		
PPBI	-2.1616	106.1364	63.55		
PPI	-0.4568	100.397	0		
PPSI	-2.766	100.01	6		
PSI	2.695	98.924	1051		
PTKI	-0.14195	109.40296	36		
PWJI	-8.0219	111.8	205		
RAPI	-0.4102	130.8211	108.6		
RBSI	-5.84445	105.742	224.44		
RGRI	-0.3491	102.3338	40.93		
RKPI	-1.5107	134.1773	106.2		
RPSI	2.0723	99.8325	78		
RTBI	-8.4597	114.942	300.74		
SBJI	-6.1117	106.1318	64.48		
SBSI	1.3988	99.431	291.51		
SCJI	-7.681	109.16892	45		
SDSI	-0.9325	101.428	213.32		
SGKI	0.530205	117.604347	182		
SGSI	3.686	125.5286	100.47		
SIJI	-0.86912	131.26605	201		
SISI	-1.3265	99.0895	47.2		
SKJI	-7.0053	106.5563	100.35		
SKSI	-2.52832	121.33444	602.3		
SLSI	-2.3924	102.5927	76.83		
SMKI	-0.4461	117.2085	97.28		
SMPI	-1.981002	138.71	111		
SMSI	0.9885	122.3654	85.39		
SNJI	-7.78	111.759	1341		
SNSI	2.4089	96.3267	14.48		
SPSI	-3.9646	119.7691	142		
SRBI	-8.0848	115.2126	111.5		
SRPI	-1.87	136.24	87.91		
STKI	0.0656	111.4772	87.78		
SWI	-0.8628	131.2592	128.88		
SWJI	-7.7349	111.7669	723.33		
TARA	3.32712	117.57037	95		
TARAI	3.32712	117.57037	95		
TBJI	-6.8179	111.8481	54.45		
TGJI	-6.8679	109.121	43.84		
TLE	-5.6373	132.7373	113		
TLE2	-5.69943	132.73952	34		
TMSI	1.2948	124.92	771		
TNG	-6.1719	106.6469	51.25		
TNGI	-6.172	106.647	75		
TPI	-2.75633	107.65345	25		
TPRI	0.9193	104.5208	41.46		
TPTI	3.2617	97.1773	9		
TRSI	2.0256	98.9594	978.5		
TSI	3.5012	98.5645	89.27		
TTSI	-3.0451	119.819	950.4		
TWSI	-8.7381	116.8821	86.6		
UBSI	-3.7611	102.2714	28.05		
UWJI	-6.4191	110.9474	61.52		
WAMI	-4.09593	138.95004	1673		
WBSI	-9.6411	119.3911	456.67		
WOJI	-7.8372	110.9236	183.62		
WSI	-9.6689	120.297666	48		
YOGI	-7.817	110.295	171		
MBWA	-21.159	119.731201	194		
MEEK	-26.6376	118.613503	529		
MTN	-12.8436	131.132706	137.4		
XMI	-10.4495	105.689499	277.7		
BBJI	-7.462603	107.65	615		
JAGI	-8.4702	114.1521	171		
MNAI	-4.3605	102.9557	154		
PLAI	-8.8275	117.7765	125		
SMRI	-7.04915	110.440666	203		
SOEI	-9.7553	124.2672	1047		
UGM	-7.9125	110.523102	350
PPJI	-7.7054	112.635	913
MBJI	-7.4488	109.6322	390
RONI	-10.76	123.07	200
MTAI	2.198	128.2758	34
IGBI	-8.818	115.146	248
		
